version https://git-lfs.github.com/spec/v1
oid sha256:48e44254a92fd5c9a5c83904a6639ed0083460b0777f2b1f9fc3a2e031daf537
size 1130
